[38;2;185;125;24m█[38;2;217;150;31m█[38;2;224;158;33m█[38;2;237;169;36m█[38;2;229;166;35m█[38;2;238;173;37m█[38;2;246;180;39m█[38;2;246;182;39m█[38;2;246;181;39m█[38;2;242;176;38m█[38;2;230;166;35m█[38;2;235;168;36m█[38;2;224;159;33m█[38;2;224;155;32m█[38;2;197;133;28m█
[38;2;191;126;25m█[38;2;229;157;32m█[38;2;235;165;34m█[38;2;246;179;39m█[38;2;246;185;40m█[38;2;246;189;42m█[38;2;247;192;42m█[38;2;247;194;43m█[38;2;247;194;43m█[38;2;247;195;43m█[38;2;247;195;43m█[38;2;247;195;43m█[38;2;247;194;43m█[38;2;247;194;43m█[38;2;247;192;42m█[38;2;246;190;42m█[38;2;246;186;41m█[38;2;246;180;39m█[38;2;235;167;35m█[38;2;228;156;33m█[38;2;190;128;26m█
[38;2;205;136;28m█[38;2;228;156;32m█[38;2;245;174;37m█[38;2;246;184;40m█[38;2;247;191;42m█[38;2;247;194;43m█[38;2;247;195;43m█[38;2;248;197;43m█[38;2;248;198;44m█[38;2;248;199;44m█[38;2;248;200;44m█[38;2;248;200;44m█[38;2;248;200;44m█[38;2;248;200;44m█[38;2;248;200;44m█[38;2;248;199;44m█[38;2;248;198;44m█[38;2;248;197;43m█[38;2;247;196;43m█[38;2;247;194;43m█[38;2;247;191;42m█[38;2;246;185;40m█[38;2;245;176;38m█[38;2;231;158;33m█[38;2;205;136;25m█
[38;2;178;117;22m█[38;2;227;152;31m█[38;2;245;171;36m█[38;2;246;184;40m█[38;2;247;191;42m█[38;2;247;195;43m█[38;2;248;197;43m█[38;2;248;199;44m█[38;2;248;201;44m█[38;2;249;202;44m█[38;2;249;203;44m█[38;2;249;204;45m█[38;2;249;205;45m█[38;2;249;205;45m█[38;2;249;206;45m█[38;2;249;205;45m█[38;2;249;205;45m█[38;2;249;204;45m█[38;2;249;203;44m█[38;2;249;202;44m█[38;2;248;201;44m█[38;2;248;199;44m█[38;2;248;197;43m█[38;2;247;195;43m█[38;2;247;192;42m█[38;2;246;185;40m█[38;2;245;173;36m█[38;2;227;153;32m█[38;2;178;117;23m█
[38;2;199;132;27m█[38;2;239;161;33m█[38;2;245;177;38m█[38;2;246;189;41m█[38;2;246;193;43m█[38;2;205;162;36m█[38;2;162;126;29m█[38;2;140;108;25m█[38;2;135;104;25m█[38;2;156;122;28m█[38;2;232;191;42m█[38;2;250;208;45m█[38;2;250;209;45m█[38;2;250;210;45m█[38;2;250;211;46m█[38;2;250;211;46m█[38;2;250;211;46m█[38;2;250;210;46m█[38;2;250;209;45m█[38;2;250;209;45m█[38;2;249;207;45m█[38;2;172;136;31m█[38;2;139;108;25m█[38;2;136;105;25m█[38;2;153;118;28m█[38;2;191;150;34m█[38;2;241;190;42m█[38;2;247;190;42m█[38;2;246;179;39m█[38;2;239;162;34m█[38;2;203;134;27m█
[38;2;209;138;28m█[38;2;242;164;34m█[38;2;246;180;39m█[38;2;247;191;42m█[38;2;193;152;34m█[38;2;94;67;17m█[38;2;67;44;13m█[38;2;104;77;19m█[38;2;137;107;25m█[38;2;156;124;29m█[38;2;159;128;29m█[38;2;231;195;42m█[38;2;251;213;46m█[38;2;251;215;46m█[38;2;251;216;46m█[38;2;251;216;46m█[38;2;251;217;47m█[38;2;251;216;46m█[38;2;251;216;46m█[38;2;251;215;46m█[38;2;251;213;46m█[38;2;250;212;46m█[38;2;170;138;31m█[38;2;158;126;29m█[38;2;144;113;26m█[38;2;116;88;21m█[38;2;73;50;14m█[38;2;77;53;15m█[38;2;158;122;28m█[38;2;243;190;42m█[38;2;246;182;39m█[38;2;242;166;34m█[38;2;201;133;24m█
[38;2;201;134;27m█[38;2;242;163;34m█[38;2;246;179;39m█[38;2;247;192;42m█[38;2;247;196;43m█[38;2;117;87;21m█[38;2;163;128;30m█[38;2;232;191;42m█[38;2;250;207;45m█[38;2;250;210;45m█[38;2;251;212;46m█[38;2;251;215;46m█[38;2;251;217;47m█[38;2;252;218;47m█[38;2;252;219;47m█[38;2;252;220;47m█[38;2;252;221;47m█[38;2;252;222;47m█[38;2;252;221;47m█[38;2;252;221;47m█[38;2;252;220;47m█[38;2;252;219;47m█[38;2;251;217;47m█[38;2;251;215;46m█[38;2;251;213;46m█[38;2;250;210;45m█[38;2;250;208;45m█[38;2;243;200;43m█[38;2;185;147;33m█[38;2;117;88;21m█[38;2;211;166;37m█[38;2;247;192;42m█[38;2;246;182;39m█[38;2;242;164;32m█[38;2;194;124;14m█
[38;2;138;93;18m█[38;2;235;157;32m█[38;2;245;176;37m█[38;2;247;190;42m█[38;2;247;195;43m█[38;2;248;199;44m█[38;2;249;202;44m█[38;2;249;205;45m█[38;2;250;208;45m█[38;2;250;211;46m█[38;2;251;214;46m█[38;2;251;217;47m█[38;2;252;219;47m█[38;2;252;221;47m█[38;2;253;223;47m█[38;2;253;223;48m█[38;2;253;224;48m█[38;2;253;224;48m█[38;2;253;224;48m█[38;2;253;224;48m█[38;2;253;224;48m█[38;2;253;223;48m█[38;2;253;223;48m█[38;2;252;222;47m█[38;2;252;219;47m█[38;2;251;217;47m█[38;2;251;215;46m█[38;2;250;212;46m█[38;2;250;209;45m█[38;2;249;206;45m█[38;2;249;203;44m█[38;2;248;199;44m█[38;2;247;196;43m█[38;2;247;192;42m█[38;2;245;179;38m█[38;2;234;155;25m█[38;2;165;101;3m█
[38;2;220;146;30m█[38;2;244;170;36m█[38;2;246;187;41m█[38;2;247;194;43m█[38;2;248;198;44m█[38;2;249;202;44m█[38;2;249;205;45m█[38;2;250;209;45m█[38;2;250;211;46m█[38;2;251;215;46m█[38;2;252;218;47m█[38;2;252;221;47m█[38;2;253;223;47m█[38;2;253;224;48m█[38;2;253;224;48m█[38;2;253;224;48m█[38;2;253;224;48m█[38;2;253;224;48m█[38;2;253;224;48m█[38;2;253;224;48m█[38;2;253;224;48m█[38;2;253;224;48m█[38;2;253;224;48m█[38;2;253;224;48m█[38;2;253;223;48m█[38;2;252;221;47m█[38;2;252;218;47m█[38;2;251;215;46m█[38;2;250;212;46m█[38;2;250;209;45m█[38;2;249;205;45m█[38;2;249;202;44m█[38;2;248;199;44m█[38;2;247;195;43m█[38;2;246;189;41m█[38;2;245;172;36m█[38;2;214;135;9m█
[38;2;103;68;13m█[38;2;237;158;32m█[38;2;246;179;39m█[38;2;247;192;42m█[38;2;248;196;43m█[38;2;248;200;44m█[38;2;249;204;45m█[38;2;237;197;43m█[38;2;156;125;29m█[38;2;172;141;32m█[38;2;246;213;45m█[38;2;252;221;47m█[38;2;253;223;48m█[38;2;253;224;48m█[38;2;165;139;31m█[38;2;70;47;13m█[38;2;106;81;20m█[38;2;253;224;48m█[38;2;253;224;48m█[38;2;253;224;48m█[38;2;253;224;48m█[38;2;253;224;48m█[38;2;253;224;48m█[38;2;167;140;31m█[38;2;67;43;13m█[38;2;114;89;21m█[38;2;244;215;46m█[38;2;252;222;47m█[38;2;252;218;47m█[38;2;251;216;46m█[38;2;202;167;37m█[38;2;150;118;27m█[38;2;211;170;38m█[38;2;248;201;44m█[38;2;248;197;44m█[38;2;247;193;43m█[38;2;246;182;39m█[38;2;236;154;20m█[38;2;122;77;7m█
[38;2;209;139;28m█[38;2;244;168;35m█[38;2;246;187;41m█[38;2;247;194;43m█[38;2;248;198;44m█[38;2;249;202;44m█[38;2;249;206;45m█[38;2;195;160;36m█[38;2;66;43;13m█[38;2;66;43;13m█[38;2;101;76;19m█[38;2;220;191;41m█[38;2;253;224;48m█[38;2;177;149;33m█[38;2;66;43;13m█[38;2;67;43;13m█[38;2;160;133;30m█[38;2;253;224;48m█[38;2;253;224;48m█[38;2;253;224;48m█[38;2;253;224;48m█[38;2;253;224;48m█[38;2;253;224;48m█[38;2;208;180;39m█[38;2;80;57;15m█[38;2;66;43;13m█[38;2;117;92;22m█[38;2;248;219;47m█[38;2;243;212;45m█[38;2;142;114;26m█[38;2;66;43;13m█[38;2;66;43;13m█[38;2;132;103;24m█[38;2;249;203;44m█[38;2;248;199;44m█[38;2;247;195;43m█[38;2;246;188;41m█[38;2;243;168;31m█[38;2;200;122;0m█
[38;2;225;150;31m█[38;2;245;174;37m█[38;2;247;190;42m█[38;2;248;196;43m█[38;2;248;200;44m█[38;2;249;204;45m█[38;2;250;208;45m█[38;2;250;211;46m█[38;2;211;179;39m█[38;2;131;103;24m█[38;2;68;45;13m█[38;2;71;48;14m█[38;2;140;114;26m█[38;2;67;44;13m█[38;2;86;62;16m█[38;2;206;178;39m█[38;2;253;224;48m█[38;2;253;224;48m█[38;2;253;224;48m█[38;2;253;224;48m█[38;2;253;224;48m█[38;2;253;224;48m█[38;2;253;224;48m█[38;2;253;224;48m█[38;2;236;207;44m█[38;2;120;95;23m█[38;2;66;43;13m█[38;2;121;96;23m█[38;2;93;69;18m█[38;2;66;43;13m█[38;2;102;76;19m█[38;2;183;150;33m█[38;2;246;205;44m█[38;2;249;204;45m█[38;2;248;200;44m█[38;2;248;196;43m█[38;2;247;192;42m█[38;2;245;177;38m█[38;2;221;136;2m█
[38;2;223;148;30m█[38;2;245;178;38m█[38;2;247;192;42m█[38;2;248;197;44m█[38;2;249;201;44m█[38;2;249;205;45m█[38;2;250;209;45m█[38;2;251;212;46m█[38;2;251;217;47m█[38;2;252;220;47m█[38;2;230;202;43m█[38;2;100;76;19m█[38;2;66;43;13m█[38;2;67;44;13m█[38;2;184;156;35m█[38;2;251;222;47m█[38;2;253;224;48m█[38;2;253;224;48m█[38;2;253;224;48m█[38;2;253;224;48m█[38;2;253;224;48m█[38;2;253;224;48m█[38;2;253;224;48m█[38;2;253;224;48m█[38;2;253;224;48m█[38;2;221;192;42m█[38;2;91;67;17m█[38;2;66;43;13m█[38;2;71;48;14m█[38;2;197;168;37m█[38;2;251;217;47m█[38;2;251;213;46m█[38;2;250;209;45m█[38;2;249;205;45m█[38;2;249;202;44m█[38;2;248;197;44m█[38;2;247;193;43m█[38;2;246;180;39m█[38;2;214;134;6m█
[38;2;219;147;30m█[38;2;246;179;39m█[38;2;247;193;43m█[38;2;248;197;44m█[38;2;249;201;44m█[38;2;249;205;45m█[38;2;250;209;45m█[38;2;251;213;46m█[38;2;251;217;47m█[38;2;238;207;44m█[38;2;128;103;24m█[38;2;66;43;13m█[38;2;119;93;22m█[38;2;101;76;19m█[38;2;66;43;13m█[38;2;90;66;17m█[38;2;173;145;32m█[38;2;244;215;46m█[38;2;253;224;48m█[38;2;253;224;48m█[38;2;253;224;48m█[38;2;253;224;48m█[38;2;253;224;48m█[38;2;200;172;38m█[38;2;117;91;22m█[38;2;67;43;13m█[38;2;75;52;14m█[38;2;145;118;27m█[38;2;67;43;13m█[38;2;93;69;18m█[38;2;211;178;39m█[38;2;251;214;46m█[38;2;250;210;46m█[38;2;249;206;45m█[38;2;249;202;44m█[38;2;248;198;44m█[38;2;247;194;43m█[38;2;246;182;40m█[38;2;221;138;6m█
[38;2;219;147;30m█[38;2;246;179;39m█[38;2;247;193;43m█[38;2;248;197;44m█[38;2;249;201;44m█[38;2;249;205;45m█[38;2;250;209;45m█[38;2;251;213;46m█[38;2;210;177;39m█[38;2;86;62;16m█[38;2;66;43;13m█[38;2;112;87;21m█[38;2;246;217;46m█[38;2;248;219;47m█[38;2;153;127;29m█[38;2;67;43;13m█[38;2;66;43;13m█[38;2;144;118;27m█[38;2;253;224;48m█[38;2;253;224;48m█[38;2;253;224;48m█[38;2;253;224;48m█[38;2;207;179;39m█[38;2;66;43;13m█[38;2;66;43;13m█[38;2;109;85;21m█[38;2;229;201;43m█[38;2;253;224;48m█[38;2;169;141;32m█[38;2;66;43;13m█[38;2;68;45;13m█[38;2;165;133;30m█[38;2;250;210;46m█[38;2;249;206;45m█[38;2;249;202;44m█[38;2;248;198;44m█[38;2;247;194;43m█[38;2;246;182;40m█[38;2;219;135;4m█
[38;2;224;150;30m█[38;2;245;178;38m█[38;2;247;192;43m█[38;2;248;197;44m█[38;2;249;201;44m█[38;2;249;205;45m█[38;2;250;209;45m█[38;2;251;213;46m█[38;2;152;123;28m█[38;2;66;43;13m█[38;2;107;82;20m█[38;2;241;212;45m█[38;2;253;224;48m█[38;2;253;224;48m█[38;2;253;224;48m█[38;2;214;186;40m█[38;2;173;146;32m█[38;2;230;201;43m█[38;2;253;224;48m█[38;2;253;224;48m█[38;2;253;224;48m█[38;2;253;224;48m█[38;2;249;220;47m█[38;2;182;154;34m█[38;2;188;161;35m█[38;2;250;221;47m█[38;2;253;224;48m█[38;2;253;224;48m█[38;2;253;224;48m█[38;2;158;130;30m█[38;2;67;43;13m█[38;2;88;64;17m█[38;2;250;209;45m█[38;2;249;205;45m█[38;2;249;202;44m█[38;2;248;197;44m█[38;2;247;193;43m█[38;2;245;178;37m█[38;2;212;129;0m█
[38;2;225;150;31m█[38;2;245;174;37m█[38;2;247;191;42m█[38;2;248;196;43m█[38;2;248;200;44m█[38;2;249;204;45m█[38;2;250;208;45m█[38;2;250;211;46m█[38;2;251;216;46m█[38;2;241;208;45m█[38;2;253;223;47m█[38;2;253;224;48m█[38;2;253;224;48m█[38;2;253;224;48m█[38;2;253;224;48m█[38;2;253;224;48m█[38;2;253;224;48m█[38;2;253;224;48m█[38;2;253;224;48m█[38;2;253;224;48m█[38;2;253;224;48m█[38;2;253;224;48m█[38;2;253;224;48m█[38;2;253;224;48m█[38;2;253;224;48m█[38;2;253;224;48m█[38;2;253;224;48m█[38;2;253;224;48m█[38;2;253;223;48m█[38;2;252;219;47m█[38;2;244;210;45m█[38;2;246;208;45m█[38;2;250;208;45m█[38;2;249;204;45m█[38;2;248;201;44m█[38;2;248;196;43m█[38;2;247;192;42m█[38;2;243;168;28m█[38;2;219;133;0m█
[38;2;202;134;27m█[38;2;244;168;35m█[38;2;246;187;41m█[38;2;247;194;43m█[38;2;248;198;44m█[38;2;249;202;44m█[38;2;249;206;45m█[38;2;250;210;45m█[38;2;251;213;46m█[38;2;251;217;47m█[38;2;252;221;47m█[38;2;253;223;48m█[38;2;253;224;48m█[38;2;253;224;48m█[38;2;253;224;48m█[38;2;253;224;48m█[38;2;249;220;47m█[38;2;205;177;39m█[38;2;168;141;32m█[38;2;159;133;30m█[38;2;162;136;31m█[38;2;189;162;36m█[38;2;239;210;45m█[38;2;253;224;48m█[38;2;253;224;48m█[38;2;253;224;48m█[38;2;253;224;48m█[38;2;253;223;48m█[38;2;252;221;47m█[38;2;251;218;47m█[38;2;251;214;46m█[38;2;250;210;46m█[38;2;249;207;45m█[38;2;249;203;44m█[38;2;248;199;44m█[38;2;247;195;43m█[38;2;246;189;41m█[38;2;239;155;14m█[38;2;202;123;0m█
[38;2;78;51;7m█[38;2;236;158;33m█[38;2;246;179;39m█[38;2;247;193;42m█[38;2;248;197;43m█[38;2;248;200;44m█[38;2;249;204;45m█[38;2;250;208;45m█[38;2;250;211;46m█[38;2;251;215;46m█[38;2;252;218;47m█[38;2;252;221;47m█[38;2;253;223;48m█[38;2;253;224;48m█[38;2;252;223;47m█[38;2;176;149;33m█[38;2;86;61;16m█[38;2;66;43;13m█[38;2;66;43;13m█[38;2;66;43;13m█[38;2;66;43;13m█[38;2;66;43;13m█[38;2;69;46;13m█[38;2;142;116;27m█[38;2;238;209;45m█[38;2;253;224;48m█[38;2;253;223;48m█[38;2;252;222;47m█[38;2;252;218;47m█[38;2;251;216;46m█[38;2;250;211;46m█[38;2;250;208;45m█[38;2;249;204;45m█[38;2;248;201;44m█[38;2;248;197;44m█[38;2;247;193;43m█[38;2;245;179;37m█[38;2;229;140;1m█[38;2;104;64;1m█
[38;2;219;145;30m█[38;2;244;170;36m█[38;2;246;187;41m█[38;2;247;194;43m█[38;2;248;198;44m█[38;2;249;202;44m█[38;2;249;205;45m█[38;2;250;209;45m█[38;2;250;211;46m█[38;2;251;215;46m█[38;2;252;218;47m█[38;2;252;221;47m█[38;2;252;222;47m█[38;2;134;108;25m█[38;2;66;43;13m█[38;2;66;43;13m█[38;2;66;43;13m█[38;2;66;43;13m█[38;2;66;43;13m█[38;2;66;43;13m█[38;2;66;43;13m█[38;2;66;43;13m█[38;2;66;43;13m█[38;2;90;66;17m█[38;2;234;204;44m█[38;2;252;221;47m█[38;2;252;218;47m█[38;2;251;215;46m█[38;2;250;212;46m█[38;2;250;209;45m█[38;2;249;206;45m█[38;2;249;202;44m█[38;2;248;199;44m█[38;2;247;195;43m█[38;2;246;189;41m█[38;2;239;156;15m█[38;2;213;130;0m█
[38;2;131;80;6m█[38;2;236;157;32m█[38;2;245;176;37m█[38;2;247;190;42m█[38;2;247;195;43m█[38;2;248;199;44m█[38;2;249;202;44m█[38;2;249;205;45m█[38;2;250;208;45m█[38;2;250;211;46m█[38;2;251;214;46m█[38;2;251;217;47m█[38;2;191;162;35m█[38;2;66;43;13m█[38;2;66;43;13m█[38;2;66;43;13m█[38;2;66;43;13m█[38;2;66;43;13m█[38;2;66;43;13m█[38;2;66;43;13m█[38;2;66;43;13m█[38;2;66;43;13m█[38;2;66;43;13m█[38;2;66;43;13m█[38;2;129;103;24m█[38;2;251;217;47m█[38;2;251;215;46m█[38;2;250;212;46m█[38;2;250;209;45m█[38;2;249;206;45m█[38;2;249;203;44m█[38;2;248;199;44m█[38;2;247;196;43m█[38;2;247;192;42m█[38;2;242;167;26m█[38;2;227;138;0m█[38;2;125;77;6m█
[38;2;189;125;25m█[38;2;239;161;31m█[38;2;246;180;39m█[38;2;247;192;42m█[38;2;247;196;43m█[38;2;248;199;44m█[38;2;249;202;44m█[38;2;249;205;45m█[38;2;250;207;45m█[38;2;250;210;45m█[38;2;251;212;46m█[38;2;148;119;27m█[38;2;66;43;13m█[38;2;66;43;13m█[38;2;66;43;13m█[38;2;66;43;13m█[38;2;66;43;13m█[38;2;66;43;13m█[38;2;66;43;13m█[38;2;66;43;13m█[38;2;66;43;13m█[38;2;66;43;13m█[38;2;66;43;13m█[38;2;87;62;16m█[38;2;251;213;46m█[38;2;250;210;46m█[38;2;250;208;45m█[38;2;249;205;45m█[38;2;249;202;44m█[38;2;248;199;44m█[38;2;247;196;43m█[38;2;247;192;42m█[38;2;243;173;30m█[38;2;231;141;1m█[38;2;186;114;3m█
[38;2;202;128;12m█[38;2;240;162;29m█[38;2;246;180;39m█[38;2;247;191;42m█[38;2;247;195;43m█[38;2;248;198;44m█[38;2;248;201;44m█[38;2;249;203;44m█[38;2;249;206;45m█[38;2;250;208;45m█[38;2;204;169;37m█[38;2;67;44;13m█[38;2;66;43;13m█[38;2;66;43;13m█[38;2;66;43;13m█[38;2;66;43;13m█[38;2;66;43;13m█[38;2;66;43;13m█[38;2;66;43;13m█[38;2;66;43;13m█[38;2;66;43;13m█[38;2;66;43;13m█[38;2;145;115;27m█[38;2;250;209;45m█[38;2;249;206;45m█[38;2;249;204;45m█[38;2;248;201;44m█[38;2;248;198;44m█[38;2;247;196;43m█[38;2;247;192;42m█[38;2;243;171;29m█[38;2;232;142;1m█[38;2;195;120;2m█
[38;2;195;122;5m█[38;2;235;155;22m█[38;2;245;178;38m█[38;2;246;189;42m█[38;2;247;194;43m█[38;2;248;197;43m█[38;2;248;199;44m█[38;2;248;202;44m█[38;2;249;204;44m█[38;2;249;205;45m█[38;2;199;162;36m█[38;2;101;75;19m█[38;2;66;43;13m█[38;2;66;43;13m█[38;2;66;43;13m█[38;2;66;43;13m█[38;2;66;43;13m█[38;2;66;43;13m█[38;2;66;43;13m█[38;2;81;56;15m█[38;2;161;128;29m█[38;2;246;203;44m█[38;2;249;204;45m█[38;2;249;202;44m█[38;2;248;200;44m█[38;2;248;197;43m█[38;2;247;195;43m█[38;2;246;188;40m█[38;2;240;159;18m█[38;2;229;139;0m█[38;2;200;122;1m█
[38;2;169;104;2m█[38;2;222;141;11m█[38;2;242;166;27m█[38;2;246;184;40m█[38;2;247;192;42m█[38;2;247;195;43m█[38;2;248;197;43m█[38;2;248;199;44m█[38;2;248;201;44m█[38;2;249;202;44m█[38;2;249;203;44m█[38;2;224;183;40m█[38;2;187;150;34m█[38;2;166;131;30m█[38;2;157;123;29m█[38;2;162;128;29m█[38;2;177;142;32m█[38;2;209;169;38m█[38;2;245;201;44m█[38;2;249;202;44m█[38;2;248;201;44m█[38;2;248;199;44m█[38;2;248;197;43m█[38;2;247;195;43m█[38;2;247;191;42m█[38;2;242;169;25m█[38;2;236;146;3m█[38;2;218;133;0m█[38;2;169;104;2m█
[38;2;192;117;1m█[38;2;222;141;11m█[38;2;241;164;23m█[38;2;245;182;38m█[38;2;247;191;42m█[38;2;247;194;43m█[38;2;247;196;43m█[38;2;248;197;43m█[38;2;248;198;44m█[38;2;248;199;44m█[38;2;248;200;44m█[38;2;248;200;44m█[38;2;248;200;44m█[38;2;248;200;44m█[38;2;248;200;44m█[38;2;248;199;44m█[38;2;248;198;44m█[38;2;248;197;43m█[38;2;247;196;43m█[38;2;247;194;43m█[38;2;245;184;36m█[38;2;240;165;20m█[38;2;236;146;4m█[38;2;219;134;1m█[38;2;192;117;1m█
[38;2;181;110;0m█[38;2;216;132;2m█[38;2;228;146;10m█[38;2;240;163;20m█[38;2;243;174;29m█[38;2;245;183;37m█[38;2;247;191;42m█[38;2;247;194;43m█[38;2;247;194;43m█[38;2;247;195;43m█[38;2;247;195;43m█[38;2;247;195;43m█[38;2;247;194;43m█[38;2;247;191;42m█[38;2;245;183;35m█[38;2;243;173;28m█[38;2;240;162;18m█[38;2;237;149;7m█[38;2;223;136;0m█[38;2;213;130;0m█[38;2;178;108;0m█
[38;2;154;93;0m█[38;2;203;124;1m█[38;2;220;134;0m█[38;2;225;136;0m█[38;2;222;138;4m█[38;2;223;140;9m█[38;2;230;147;10m█[38;2;237;151;9m█[38;2;230;144;8m█[38;2;222;136;2m█[38;2;219;133;0m█[38;2;226;137;0m█[38;2;218;132;0m█[38;2;207;126;0m█[38;2;162;99;3m█[0m
