[38;2;40;130;90m░         [38;2;40;130;90m░ [38;2;40;130;90m░           [38;2;40;130;90m░       [38;2;40;130;90m░[38;2;40;130;90m░           [38;2;40;130;90m░           [0m
  [38;2;40;130;90m░  [38;2;40;130;90m░                [38;2;40;130;90m░        [38;2;40;130;90m░  [38;2;40;130;90m░[38;2;40;130;90m░    [38;2;40;130;90m░            [38;2;40;130;90m░   [0m
   [38;2;40;130;90m░ [38;2;40;130;90m░    [38;2;40;130;90m░                                 [38;2;40;130;90m░            [0m
                       [38;2;234;0;217m▒[38;2;0;255;159m▒[38;2;0;255;159m█[38;2;0;255;159m█[38;2;0;255;159m█[38;2;0;255;159m█[38;2;0;255;159m█[38;2;0;255;159m█[38;2;0;255;159m█[38;2;0;255;159m▒               [38;2;40;130;90m░       [38;2;40;130;90m░[0m
            [38;2;40;130;90m░[38;2;40;130;90m░  [38;2;40;130;90m░ [38;2;234;0;217m█[38;2;0;255;159m█[38;2;0;255;159m█[38;2;0;255;159m█[38;2;0;255;159m█[38;2;0;255;159m█[38;2;0;255;159m█[38;2;0;255;159m█[38;2;0;255;159m▓[38;2;0;255;159m▓[38;2;0;255;159m▓[38;2;0;255;159m▓[38;2;0;255;159m▓[38;2;0;255;159m█[38;2;0;255;159m█[38;2;0;255;159m█[38;2;0;255;159m█[38;2;0;255;159m█[38;2;0;255;159m█[38;2;0;255;159m█[38;2;40;130;90m░                  [0m
   [38;2;40;130;90m░  [38;2;40;130;90m░   [38;2;40;130;90m░    [38;2;40;130;90m░[38;2;0;255;159m█[38;2;0;255;159m█[38;2;0;255;159m█[38;2;0;255;159m█[38;2;0;255;159m▓  [38;2;40;130;90m░  [38;2;40;130;90m░   [38;2;40;130;90m░ [38;2;40;130;90m░  [38;2;234;0;217m▓[38;2;0;255;159m▓[38;2;0;255;159m█[38;2;0;255;159m█[38;2;0;255;159m█[38;2;0;255;159m█[38;2;40;130;90m░            [38;2;40;130;90m░  [0m
   [38;2;40;130;90m░      [38;2;40;130;90m░ [38;2;40;130;90m░[38;2;0;255;159m█[38;2;0;255;159m█[38;2;0;255;159m█[38;2;0;255;159m█             [38;2;40;130;90m░[38;2;40;130;90m░       [38;2;40;130;90m░[38;2;0;255;159m█[38;2;0;255;159m█[38;2;0;255;159m█[38;2;0;255;159m█  [38;2;40;130;90m░  [38;2;40;130;90m░       [0m
[38;2;40;130;90m░         [38;2;40;130;90m░[38;2;0;255;159m▒[38;2;0;255;159m█[38;2;0;255;159m█[38;2;0;255;159m█  [38;2;40;130;90m░   [38;2;40;130;90m░ [38;2;40;130;90m░    [38;2;40;130;90m░            [38;2;40;130;90m░[38;2;0;255;159m█[38;2;0;255;159m█[38;2;0;255;159m█[38;2;0;255;159m▒    [38;2;40;130;90m░  [38;2;40;130;90m░   [0m
 [38;2;40;130;90m░       [38;2;234;0;217m█[38;2;0;255;159m█[38;2;0;255;159m█[38;2;0;255;159m█   [38;2;40;130;90m░    [38;2;40;130;90m░[38;2;40;130;90m░    [38;2;40;130;90m░    [38;2;40;130;90m░       [38;2;40;130;90m░  [38;2;234;0;217m█[38;2;0;255;159m█[38;2;0;255;159m█[38;2;0;255;159m█          [0m
        [38;2;234;0;217m█[38;2;0;255;159m█[38;2;0;255;159m█[38;2;0;255;159m█       [38;2;40;130;90m░             [38;2;40;130;90m░ [38;2;40;130;90m░       [38;2;40;130;90m░[38;2;234;0;217m█[38;2;0;255;159m█[38;2;0;255;159m█[38;2;0;255;159m█       [38;2;40;130;90m░ [0m
 [38;2;40;130;90m░  [38;2;40;130;90m░  [38;2;234;0;217m█[38;2;0;255;159m█[38;2;0;255;159m█[38;2;0;255;159m█    [38;2;40;130;90m░ [38;2;40;130;90m░[38;2;0;255;159m█[38;2;0;255;159m█  [38;2;40;130;90m░[38;2;0;255;159m█[38;2;0;255;159m█[38;2;0;255;159m█    [38;2;234;0;217m█[38;2;0;255;159m█[38;2;0;255;159m█[38;2;0;255;159m█  [38;2;234;0;217m█[38;2;0;255;159m█[38;2;0;255;159m█ [38;2;40;130;90m░    [38;2;234;0;217m█[38;2;0;255;159m█[38;2;0;255;159m█[38;2;0;255;159m█        [0m
 [38;2;40;130;90m░  [38;2;40;130;90m░[38;2;40;130;90m░[38;2;234;0;217m█[38;2;0;255;159m█[38;2;0;255;159m█[38;2;0;255;159m█[38;2;40;130;90m░  [38;2;40;130;90m░[38;2;40;130;90m░  [38;2;234;0;217m▓[38;2;0;255;159m▓[38;2;0;255;159m█[38;2;0;255;159m█[38;2;0;255;159m█[38;2;0;255;159m█[38;2;0;255;159m█[38;2;0;255;159m▒   [38;2;40;130;90m░  [38;2;234;0;217m▓[38;2;0;255;159m▓[38;2;0;255;159m█[38;2;0;255;159m█[38;2;0;255;159m█[38;2;0;255;159m█[38;2;0;255;159m█[38;2;0;255;159m▓       [38;2;234;0;217m█[38;2;0;255;159m█[38;2;0;255;159m█[38;2;0;255;159m█     [38;2;40;130;90m░ [0m
      [38;2;234;0;217m█[38;2;0;255;159m█[38;2;0;255;159m█[38;2;40;130;90m░    [38;2;40;130;90m░   [38;2;234;0;217m█[38;2;0;255;159m█[38;2;0;255;159m█[38;2;0;255;159m█[38;2;0;255;159m█[38;2;0;255;159m█   [38;2;40;130;90m░    [38;2;234;0;217m█[38;2;0;255;159m█[38;2;0;255;159m█[38;2;0;255;159m█[38;2;0;255;159m█[38;2;0;255;159m▓         [38;2;40;130;90m░[38;2;0;255;159m█[38;2;0;255;159m█[38;2;40;130;90m░      [0m
 [38;2;40;130;90m░  [38;2;40;130;90m░ [38;2;234;0;217m█[38;2;0;255;159m█[38;2;0;255;159m█  [38;2;40;130;90m░[38;2;40;130;90m░    [38;2;234;0;217m█[38;2;0;255;159m█[38;2;0;255;159m█[38;2;0;255;159m█[38;2;234;0;217m█[38;2;0;255;159m█[38;2;0;255;159m█[38;2;0;255;159m█[38;2;0;255;159m▒[38;2;40;130;90m░   [38;2;234;0;217m▓[38;2;0;255;159m▓[38;2;0;255;159m█[38;2;0;255;159m█[38;2;0;255;159m█[38;2;234;0;217m█[38;2;0;255;159m█[38;2;0;255;159m█[38;2;0;255;159m█  [38;2;40;130;90m░     [38;2;234;0;217m█[38;2;0;255;159m█[38;2;0;255;159m█[38;2;40;130;90m░  [38;2;40;130;90m░   [0m
    [38;2;40;130;90m░[38;2;234;0;217m▒[38;2;0;255;159m▒[38;2;0;255;159m█[38;2;0;255;159m▓  [38;2;40;130;90m░  [38;2;40;130;90m░        [38;2;40;130;90m░                       [38;2;234;0;217m▓[38;2;0;255;159m▓[38;2;0;255;159m█[38;2;0;255;159m▓      [0m
  [38;2;40;130;90m░  [38;2;234;0;217m▓[38;2;0;255;159m▓[38;2;0;255;159m█[38;2;0;255;159m▓        [38;2;40;130;90m░  [38;2;40;130;90m░ [38;2;40;130;90m░  [38;2;40;130;90m░[38;2;40;130;90m░                 [38;2;40;130;90m░  [38;2;234;0;217m▓[38;2;0;255;159m▓[38;2;0;255;159m█[38;2;0;255;159m▓[38;2;40;130;90m░   [38;2;40;130;90m░ [0m
  [38;2;40;130;90m░  [38;2;234;0;217m▒[38;2;0;255;159m▒[38;2;0;255;159m█[38;2;0;255;159m█           [38;2;40;130;90m░        [38;2;40;130;90m░ [38;2;40;130;90m░ [38;2;40;130;90m░ [38;2;40;130;90m░[38;2;40;130;90m░  [38;2;40;130;90m░    [38;2;40;130;90m░  [38;2;234;0;217m▓[38;2;0;255;159m▓[38;2;0;255;159m█[38;2;0;255;159m▓   [38;2;40;130;90m░  [0m
 [38;2;40;130;90m░[38;2;40;130;90m░ [38;2;40;130;90m░ [38;2;234;0;217m█[38;2;0;255;159m█[38;2;0;255;159m█  [38;2;40;130;90m░    [38;2;40;130;90m░      [38;2;234;0;217m▓[38;2;0;255;159m▓[38;2;0;255;159m█[38;2;0;255;159m█[38;2;0;255;159m█[38;2;0;255;159m█[38;2;0;255;159m█[38;2;0;255;159m█[38;2;0;255;159m█[38;2;0;255;159m▒              [38;2;234;0;217m█[38;2;0;255;159m█[38;2;0;255;159m█[38;2;40;130;90m░     [38;2;40;130;90m░[0m
     [38;2;40;130;90m░[38;2;234;0;217m█[38;2;0;255;159m█[38;2;0;255;159m█[38;2;0;255;159m▒  [38;2;40;130;90m░[38;2;40;130;90m░      [38;2;40;130;90m░[38;2;234;0;217m█[38;2;0;255;159m█[38;2;0;255;159m█[38;2;0;255;159m█[38;2;0;255;159m█[38;2;0;255;159m█  [38;2;234;0;217m█[38;2;0;255;159m█[38;2;0;255;159m█[38;2;0;255;159m█[38;2;0;255;159m█[38;2;0;255;159m█[38;2;40;130;90m░    [38;2;40;130;90m░    [38;2;40;130;90m░ [38;2;234;0;217m█[38;2;0;255;159m█[38;2;0;255;159m█    [38;2;40;130;90m░  [0m
   [38;2;40;130;90m░  [38;2;234;0;217m▓[38;2;0;255;159m▓[38;2;0;255;159m█[38;2;0;255;159m█ [38;2;40;130;90m░       [38;2;234;0;217m▓[38;2;0;255;159m▓[38;2;0;255;159m█[38;2;0;255;159m█[38;2;40;130;90m░ [38;2;40;130;90m░   [38;2;40;130;90m░  [38;2;234;0;217m█[38;2;0;255;159m█[38;2;0;255;159m█[38;2;0;255;159m█[38;2;0;255;159m▒    [38;2;40;130;90m░    [38;2;234;0;217m█[38;2;0;255;159m█[38;2;0;255;159m█[38;2;0;255;159m█       [0m
       [38;2;234;0;217m▓[38;2;0;255;159m▓[38;2;0;255;159m█[38;2;0;255;159m█     [38;2;40;130;90m░ [38;2;40;130;90m░[38;2;234;0;217m█[38;2;0;255;159m█[38;2;0;255;159m█    [38;2;40;130;90m░       [38;2;40;130;90m░[38;2;0;255;159m█[38;2;0;255;159m█       [38;2;40;130;90m░[38;2;234;0;217m█[38;2;0;255;159m█[38;2;0;255;159m█[38;2;0;255;159m█        [0m
        [38;2;234;0;217m█[38;2;0;255;159m█[38;2;0;255;159m█[38;2;0;255;159m█[38;2;40;130;90m░  [38;2;40;130;90m░   [38;2;40;130;90m░[38;2;0;255;159m█[38;2;0;255;159m█     [38;2;40;130;90m░      [38;2;234;0;217m█[38;2;0;255;159m█[38;2;0;255;159m█[38;2;40;130;90m░      [38;2;40;130;90m░[38;2;0;255;159m▓[38;2;0;255;159m█[38;2;0;255;159m█    [38;2;40;130;90m░    [0m
      [38;2;40;130;90m░  [38;2;234;0;217m▓[38;2;0;255;159m▓[38;2;0;255;159m█[38;2;0;255;159m█  [38;2;40;130;90m░[38;2;40;130;90m░      [38;2;40;130;90m░  [38;2;40;130;90m░            [38;2;40;130;90m░  [38;2;40;130;90m░[38;2;234;0;217m█[38;2;0;255;159m█[38;2;0;255;159m█[38;2;0;255;159m█     [38;2;40;130;90m░    [0m
           [38;2;234;0;217m█[38;2;0;255;159m█[38;2;0;255;159m█[38;2;0;255;159m█  [38;2;40;130;90m░   [38;2;40;130;90m░   [38;2;40;130;90m░  [38;2;40;130;90m░            [38;2;234;0;217m█[38;2;0;255;159m█[38;2;0;255;159m█[38;2;0;255;159m█[38;2;0;255;159m▓[38;2;40;130;90m░          [0m
          [38;2;40;130;90m░ [38;2;234;0;217m▓[38;2;0;255;159m▓[38;2;0;255;159m█[38;2;0;255;159m█[38;2;0;255;159m█[38;2;40;130;90m░          [38;2;40;130;90m░          [38;2;234;0;217m█[38;2;0;255;159m█[38;2;0;255;159m█[38;2;0;255;159m█[38;2;0;255;159m█    [38;2;40;130;90m░   [38;2;40;130;90m░    [0m
 [38;2;40;130;90m░             [38;2;234;0;217m█[38;2;0;255;159m█[38;2;0;255;159m█[38;2;0;255;159m█[38;2;0;255;159m█[38;2;0;255;159m▓          [38;2;40;130;90m░   [38;2;234;0;217m▒[38;2;0;255;159m▒[38;2;0;255;159m█[38;2;0;255;159m█[38;2;0;255;159m█[38;2;0;255;159m█[38;2;0;255;159m▒ [38;2;40;130;90m░             [0m
[38;2;40;130;90m░     [38;2;40;130;90m░     [38;2;40;130;90m░     [38;2;234;0;217m█[38;2;0;255;159m█[38;2;0;255;159m█[38;2;0;255;159m█[38;2;0;255;159m█[38;2;0;255;159m█[38;2;0;255;159m█[38;2;0;255;159m█[38;2;0;255;159m▓[38;2;0;255;159m▒[38;2;0;255;159m▒[38;2;0;255;159m▒[38;2;0;255;159m▓[38;2;0;255;159m█[38;2;0;255;159m█[38;2;0;255;159m█[38;2;0;255;159m█[38;2;0;255;159m█[38;2;0;255;159m█[38;2;0;255;159m█[38;2;40;130;90m░                  [0m
    [38;2;40;130;90m░  [38;2;40;130;90m░      [38;2;40;130;90m░        [38;2;234;0;217m▒[38;2;0;255;159m▒[38;2;0;255;159m█[38;2;0;255;159m█[38;2;0;255;159m█[38;2;0;255;159m█[38;2;0;255;159m█[38;2;0;255;159m█[38;2;0;255;159m█[38;2;0;255;159m▒[38;2;40;130;90m░     [38;2;40;130;90m░         [38;2;40;130;90m░       [0m
[38;2;40;130;90m░       [38;2;40;130;90m░[38;2;40;130;90m░     [38;2;40;130;90m░   [38;2;40;130;90m░  [38;2;40;130;90m░       [38;2;40;130;90m░       [38;2;40;130;90m░[38;2;40;130;90m░ [38;2;40;130;90m░ [38;2;40;130;90m░             [0m
       [38;2;40;130;90m░                    [38;2;40;130;90m░   [38;2;40;130;90m░ [38;2;40;130;90m░  [38;2;40;130;90m░[38;2;40;130;90m░        [38;2;40;130;90m░[38;2;40;130;90m░[38;2;40;130;90m░   [38;2;40;130;90m░   [0m
   [38;2;40;130;90m░         [38;2;40;130;90m░                      [38;2;40;130;90m░    [38;2;40;130;90m░  [38;2;40;130;90m░    [38;2;40;130;90m░       [0m
